WIDTH = 1024
HEIGHT = 512
ROI_WIDTH = 1024
ROI_HEIGHT = 512
TOP_PIXEL = 1
BOTTOM_PIXEL = 512
STEP_THETA = 0.00613592
STEP_PHI = 0.00613592
TOP = -1.56466
BOTTOM = 1.5708
BASELINE = 1
SENSOR = simulation
