1.000000e+00 0.000000e+00 0.000000e+00 0.000000e+00 0.000000e+00 1.000000e+00 0.000000e+00 0.000000e+00 0.000000e+00 0.000000e+00 1.000000e+00 0.000000e+00 
1.000000e+00 0.000000e+00 0.000000e+00 0.000000e+00 0.000000e+00 1.000000e+00 0.000000e+00 0.000000e+00 0.000000e+00 0.000000e+00 1.000000e+00 0.000000e+00 
1.000000e+00 0.000000e+00 0.000000e+00 0.000000e+00 0.000000e+00 1.000000e+00 0.000000e+00 0.000000e+00 0.000000e+00 0.000000e+00 1.000000e+00 0.000000e+00 
1.000000e+00 0.000000e+00 0.000000e+00 0.000000e+00 0.000000e+00 1.000000e+00 0.000000e+00 0.000000e+00 0.000000e+00 0.000000e+00 1.000000e+00 0.000000e+00 
1.000000e+00 0.000000e+00 0.000000e+00 0.000000e+00 0.000000e+00 1.000000e+00 0.000000e+00 0.000000e+00 0.000000e+00 0.000000e+00 1.000000e+00 0.000000e+00 
1.000000e+00 0.000000e+00 0.000000e+00 0.000000e+00 0.000000e+00 1.000000e+00 0.000000e+00 0.000000e+00 0.000000e+00 0.000000e+00 1.000000e+00 0.000000e+00 
1.000000e+00 0.000000e+00 0.000000e+00 0.000000e+00 0.000000e+00 1.000000e+00 0.000000e+00 0.000000e+00 0.000000e+00 0.000000e+00 1.000000e+00 0.000000e+00 
1.000000e+00 0.000000e+00 0.000000e+00 0.000000e+00 0.000000e+00 1.000000e+00 0.000000e+00 0.000000e+00 0.000000e+00 0.000000e+00 1.000000e+00 0.000000e+00 
1.000000e+00 0.000000e+00 0.000000e+00 0.000000e+00 0.000000e+00 1.000000e+00 0.000000e+00 0.000000e+00 0.000000e+00 0.000000e+00 1.000000e+00 0.000000e+00 
1.000000e+00 0.000000e+00 0.000000e+00 0.000000e+00 0.000000e+00 1.000000e+00 0.000000e+00 0.000000e+00 0.000000e+00 0.000000e+00 1.000000e+00 0.000000e+00 
1.000000e+00 0.000000e+00 0.000000e+00 0.000000e+00 0.000000e+00 1.000000e+00 0.000000e+00 0.000000e+00 0.000000e+00 0.000000e+00 1.000000e+00 0.000000e+00 
1.000000e+00 0.000000e+00 0.000000e+00 0.000000e+00 0.000000e+00 1.000000e+00 0.000000e+00 0.000000e+00 0.000000e+00 0.000000e+00 1.000000e+00 0.000000e+00 
1.000000e+00 0.000000e+00 0.000000e+00 0.000000e+00 0.000000e+00 1.000000e+00 0.000000e+00 0.000000e+00 0.000000e+00 0.000000e+00 1.000000e+00 0.000000e+00 
1.000000e+00 0.000000e+00 0.000000e+00 0.000000e+00 0.000000e+00 1.000000e+00 0.000000e+00 0.000000e+00 0.000000e+00 0.000000e+00 1.000000e+00 0.000000e+00 
1.000000e+00 0.000000e+00 0.000000e+00 -3.497995e-09 0.000000e+00 1.000000e+00 0.000000e+00 0.000000e+00 0.000000e+00 0.000000e+00 1.000000e+00 5.999139e-02 
1.000000e+00 0.000000e+00 0.000000e+00 2.246262e-08 0.000000e+00 1.000000e+00 0.000000e+00 0.000000e+00 0.000000e+00 0.000000e+00 1.000000e+00 1.199914e-01 
1.000000e+00 0.000000e+00 0.000000e+00 1.873733e-08 0.000000e+00 1.000000e+00 0.000000e+00 0.000000e+00 0.000000e+00 0.000000e+00 1.000000e+00 1.799913e-01 
1.000000e+00 0.000000e+00 0.000000e+00 8.143537e-09 0.000000e+00 1.000000e+00 0.000000e+00 0.000000e+00 0.000000e+00 0.000000e+00 1.000000e+00 2.399923e-01 
1.000000e+00 0.000000e+00 0.000000e+00 4.185416e-09 0.000000e+00 1.000000e+00 0.000000e+00 0.000000e+00 0.000000e+00 0.000000e+00 1.000000e+00 2.999923e-01 
1.000000e+00 0.000000e+00 0.000000e+00 2.351036e-08 0.000000e+00 1.000000e+00 0.000000e+00 0.000000e+00 0.000000e+00 0.000000e+00 1.000000e+00 3.599932e-01 
1.000000e+00 0.000000e+00 0.000000e+00 2.653716e-08 0.000000e+00 1.000000e+00 0.000000e+00 0.000000e+00 0.000000e+00 0.000000e+00 1.000000e+00 4.199922e-01 
1.000000e+00 0.000000e+00 0.000000e+00 4.586210e-08 0.000000e+00 1.000000e+00 0.000000e+00 0.000000e+00 0.000000e+00 0.000000e+00 1.000000e+00 4.799931e-01 
1.000000e+00 0.000000e+00 0.000000e+00 -4.750299e-08 0.000000e+00 1.000000e+00 0.000000e+00 0.000000e+00 0.000000e+00 0.000000e+00 1.000000e+00 5.399932e-01 
1.000000e+00 0.000000e+00 0.000000e+00 -5.798037e-08 0.000000e+00 1.000000e+00 0.000000e+00 0.000000e+00 0.000000e+00 0.000000e+00 1.000000e+00 5.999941e-01 
1.000000e+00 0.000000e+00 0.000000e+00 -6.869058e-08 0.000000e+00 1.000000e+00 0.000000e+00 0.000000e+00 0.000000e+00 0.000000e+00 1.000000e+00 6.599950e-01 
1.000000e+00 0.000000e+00 0.000000e+00 -4.261354e-08 0.000000e+00 1.000000e+00 0.000000e+00 0.000000e+00 0.000000e+00 0.000000e+00 1.000000e+00 7.199950e-01 
1.000000e+00 0.000000e+00 0.000000e+00 -4.587317e-08 0.000000e+00 1.000000e+00 0.000000e+00 0.000000e+00 0.000000e+00 0.000000e+00 1.000000e+00 7.799950e-01 
1.000000e+00 0.000000e+00 0.000000e+00 -5.658338e-08 0.000000e+00 1.000000e+00 0.000000e+00 0.000000e+00 0.000000e+00 0.000000e+00 1.000000e+00 8.399959e-01 
1.000000e+00 0.000000e+00 0.000000e+00 -6.030867e-08 0.000000e+00 1.000000e+00 0.000000e+00 0.000000e+00 0.000000e+00 0.000000e+00 1.000000e+00 8.999959e-01 
1.000000e+00 0.000000e+00 0.000000e+00 -6.449962e-08 0.000000e+00 1.000000e+00 0.000000e+00 0.000000e+00 0.000000e+00 0.000000e+00 1.000000e+00 9.599958e-01 
1.000000e+00 0.000000e+00 0.000000e+00 -7.474417e-08 0.000000e+00 1.000000e+00 0.000000e+00 0.000000e+00 0.000000e+00 0.000000e+00 1.000000e+00 1.019997e+00 
1.000000e+00 0.000000e+00 0.000000e+00 -1.683421e-07 0.000000e+00 1.000000e+00 0.000000e+00 0.000000e+00 0.000000e+00 0.000000e+00 1.000000e+00 1.079997e+00 
1.000000e+00 0.000000e+00 0.000000e+00 -1.790523e-07 0.000000e+00 1.000000e+00 0.000000e+00 0.000000e+00 0.000000e+00 0.000000e+00 1.000000e+00 1.139998e+00 
1.000000e+00 0.000000e+00 0.000000e+00 -1.390054e-07 0.000000e+00 1.000000e+00 0.000000e+00 0.000000e+00 0.000000e+00 0.000000e+00 1.000000e+00 1.199987e+00 
1.000000e+00 0.000000e+00 0.000000e+00 -1.194477e-07 0.000000e+00 1.000000e+00 0.000000e+00 0.000000e+00 0.000000e+00 0.000000e+00 1.000000e+00 1.259988e+00 
1.000000e+00 0.000000e+00 0.000000e+00 -1.241043e-07 0.000000e+00 1.000000e+00 0.000000e+00 0.000000e+00 0.000000e+00 0.000000e+00 1.000000e+00 1.319988e+00 
1.000000e+00 0.000000e+00 0.000000e+00 -1.343488e-07 0.000000e+00 1.000000e+00 0.000000e+00 0.000000e+00 0.000000e+00 0.000000e+00 1.000000e+00 1.379989e+00 
1.000000e+00 0.000000e+00 0.000000e+00 -1.073405e-07 0.000000e+00 1.000000e+00 0.000000e+00 0.000000e+00 0.000000e+00 0.000000e+00 1.000000e+00 1.439989e+00 
1.000000e+00 0.000000e+00 0.000000e+00 -1.445934e-07 0.000000e+00 1.000000e+00 0.000000e+00 0.000000e+00 0.000000e+00 0.000000e+00 1.000000e+00 1.559989e+00 
1.000000e+00 0.000000e+00 0.000000e+00 -1.362115e-07 0.000000e+00 1.000000e+00 0.000000e+00 0.000000e+00 0.000000e+00 0.000000e+00 1.000000e+00 1.679991e+00 
1.000000e+00 0.000000e+00 0.000000e+00 -1.213103e-07 0.000000e+00 1.000000e+00 0.000000e+00 0.000000e+00 0.000000e+00 0.000000e+00 1.000000e+00 1.799992e+00 
1.000000e+00 0.000000e+00 0.000000e+00 -1.054778e-07 0.000000e+00 1.000000e+00 0.000000e+00 0.000000e+00 0.000000e+00 0.000000e+00 1.000000e+00 1.919993e+00 
1.000000e+00 0.000000e+00 0.000000e+00 -1.129284e-07 0.000000e+00 1.000000e+00 0.000000e+00 0.000000e+00 0.000000e+00 0.000000e+00 1.000000e+00 2.039993e+00 
1.000000e+00 0.000000e+00 0.000000e+00 -1.278296e-07 0.000000e+00 1.000000e+00 0.000000e+00 0.000000e+00 0.000000e+00 0.000000e+00 1.000000e+00 2.159994e+00 
1.000000e+00 0.000000e+00 0.000000e+00 -1.119971e-07 0.000000e+00 1.000000e+00 0.000000e+00 0.000000e+00 0.000000e+00 0.000000e+00 1.000000e+00 2.279994e+00 
1.000000e+00 0.000000e+00 0.000000e+00 -8.964533e-08 0.000000e+00 1.000000e+00 0.000000e+00 0.000000e+00 0.000000e+00 0.000000e+00 1.000000e+00 2.399986e+00 
1.000000e+00 0.000000e+00 0.000000e+00 5.191570e-08 0.000000e+00 1.000000e+00 0.000000e+00 0.000000e+00 0.000000e+00 0.000000e+00 1.000000e+00 2.519986e+00 
1.000000e+00 0.000000e+00 0.000000e+00 7.212215e-09 0.000000e+00 1.000000e+00 0.000000e+00 0.000000e+00 0.000000e+00 0.000000e+00 1.000000e+00 2.639987e+00 
1.000000e+00 0.000000e+00 0.000000e+00 1.652544e-08 0.000000e+00 1.000000e+00 0.000000e+00 0.000000e+00 0.000000e+00 0.000000e+00 1.000000e+00 2.759988e+00 
1.000000e+00 0.000000e+00 0.000000e+00 7.212215e-09 0.000000e+00 1.000000e+00 0.000000e+00 0.000000e+00 0.000000e+00 0.000000e+00 1.000000e+00 2.879988e+00 
1.000000e+00 0.000000e+00 0.000000e+00 9.074860e-09 0.000000e+00 1.000000e+00 0.000000e+00 0.000000e+00 0.000000e+00 0.000000e+00 1.000000e+00 2.999987e+00 
1.000000e+00 0.000000e+00 0.000000e+00 3.701454e-08 0.000000e+00 1.000000e+00 0.000000e+00 0.000000e+00 0.000000e+00 0.000000e+00 1.000000e+00 3.119987e+00 
1.000000e+00 0.000000e+00 0.000000e+00 5.191570e-08 0.000000e+00 1.000000e+00 0.000000e+00 0.000000e+00 0.000000e+00 0.000000e+00 1.000000e+00 3.239987e+00 
1.000000e+00 0.000000e+00 0.000000e+00 5.191570e-08 0.000000e+00 1.000000e+00 0.000000e+00 0.000000e+00 0.000000e+00 0.000000e+00 1.000000e+00 3.359986e+00 
1.000000e+00 0.000000e+00 0.000000e+00 4.446512e-08 0.000000e+00 1.000000e+00 0.000000e+00 0.000000e+00 0.000000e+00 0.000000e+00 1.000000e+00 3.479986e+00 
1.000000e+00 0.000000e+00 0.000000e+00 7.240480e-08 0.000000e+00 1.000000e+00 0.000000e+00 0.000000e+00 0.000000e+00 0.000000e+00 1.000000e+00 3.599985e+00 
1.000000e+00 0.000000e+00 0.000000e+00 6.495421e-08 0.000000e+00 1.000000e+00 0.000000e+00 0.000000e+00 0.000000e+00 0.000000e+00 1.000000e+00 3.719985e+00 
1.000000e+00 0.000000e+00 0.000000e+00 8.730596e-08 0.000000e+00 1.000000e+00 0.000000e+00 0.000000e+00 0.000000e+00 0.000000e+00 1.000000e+00 3.839985e+00 
1.000000e+00 0.000000e+00 0.000000e+00 1.692623e-07 0.000000e+00 1.000000e+00 0.000000e+00 0.000000e+00 0.000000e+00 0.000000e+00 1.000000e+00 3.959985e+00 
1.000000e+00 0.000000e+00 0.000000e+00 1.673997e-07 0.000000e+00 1.000000e+00 0.000000e+00 0.000000e+00 0.000000e+00 0.000000e+00 1.000000e+00 4.079984e+00 
1.000000e+00 0.000000e+00 0.000000e+00 1.599491e-07 0.000000e+00 1.000000e+00 0.000000e+00 0.000000e+00 0.000000e+00 0.000000e+00 1.000000e+00 4.199984e+00 
1.000000e+00 0.000000e+00 0.000000e+00 1.823009e-07 0.000000e+00 1.000000e+00 0.000000e+00 0.000000e+00 0.000000e+00 0.000000e+00 1.000000e+00 4.319984e+00 
1.000000e+00 0.000000e+00 0.000000e+00 2.046526e-07 0.000000e+00 1.000000e+00 0.000000e+00 0.000000e+00 0.000000e+00 0.000000e+00 1.000000e+00 4.439984e+00 
1.000000e+00 0.000000e+00 0.000000e+00 1.711250e-07 0.000000e+00 1.000000e+00 0.000000e+00 0.000000e+00 0.000000e+00 0.000000e+00 1.000000e+00 4.559983e+00 
1.000000e+00 0.000000e+00 0.000000e+00 1.972020e-07 0.000000e+00 1.000000e+00 0.000000e+00 0.000000e+00 0.000000e+00 0.000000e+00 1.000000e+00 4.679983e+00 
1.000000e+00 0.000000e+00 0.000000e+00 2.158285e-07 0.000000e+00 1.000000e+00 0.000000e+00 0.000000e+00 0.000000e+00 0.000000e+00 1.000000e+00 4.799983e+00 
1.000000e+00 0.000000e+00 0.000000e+00 2.046526e-07 0.000000e+00 1.000000e+00 0.000000e+00 0.000000e+00 0.000000e+00 0.000000e+00 1.000000e+00 4.919984e+00 
1.000000e+00 0.000000e+00 0.000000e+00 1.972020e-07 0.000000e+00 1.000000e+00 0.000000e+00 0.000000e+00 0.000000e+00 0.000000e+00 1.000000e+00 5.039983e+00 
1.000000e+00 0.000000e+00 0.000000e+00 2.270043e-07 0.000000e+00 1.000000e+00 0.000000e+00 0.000000e+00 0.000000e+00 0.000000e+00 1.000000e+00 5.159983e+00 
1.000000e+00 0.000000e+00 0.000000e+00 2.344549e-07 0.000000e+00 1.000000e+00 0.000000e+00 0.000000e+00 0.000000e+00 0.000000e+00 1.000000e+00 5.279984e+00 
1.000000e+00 0.000000e+00 0.000000e+00 2.046526e-07 0.000000e+00 1.000000e+00 0.000000e+00 0.000000e+00 0.000000e+00 0.000000e+00 1.000000e+00 5.399984e+00 
1.000000e+00 0.000000e+00 0.000000e+00 3.052354e-07 0.000000e+00 1.000000e+00 0.000000e+00 0.000000e+00 0.000000e+00 0.000000e+00 1.000000e+00 5.519984e+00 
1.000000e+00 0.000000e+00 0.000000e+00 3.052354e-07 0.000000e+00 1.000000e+00 0.000000e+00 0.000000e+00 0.000000e+00 0.000000e+00 1.000000e+00 5.639984e+00 
1.000000e+00 0.000000e+00 0.000000e+00 3.238619e-07 0.000000e+00 1.000000e+00 0.000000e+00 0.000000e+00 0.000000e+00 0.000000e+00 1.000000e+00 5.759984e+00 
1.000000e+00 0.000000e+00 0.000000e+00 3.462136e-07 0.000000e+00 1.000000e+00 0.000000e+00 0.000000e+00 0.000000e+00 0.000000e+00 1.000000e+00 5.879984e+00 
1.000000e+00 0.000000e+00 0.000000e+00 3.387630e-07 0.000000e+00 1.000000e+00 0.000000e+00 0.000000e+00 0.000000e+00 0.000000e+00 1.000000e+00 5.999984e+00 
1.000000e+00 0.000000e+00 0.000000e+00 3.238619e-07 0.000000e+00 1.000000e+00 0.000000e+00 0.000000e+00 0.000000e+00 0.000000e+00 1.000000e+00 6.119985e+00 
1.000000e+00 0.000000e+00 0.000000e+00 3.499389e-07 0.000000e+00 1.000000e+00 0.000000e+00 0.000000e+00 0.000000e+00 0.000000e+00 1.000000e+00 6.239985e+00 
1.000000e+00 0.000000e+00 0.000000e+00 3.722907e-07 0.000000e+00 1.000000e+00 0.000000e+00 0.000000e+00 0.000000e+00 0.000000e+00 1.000000e+00 6.359984e+00 
1.000000e+00 0.000000e+00 0.000000e+00 3.611148e-07 0.000000e+00 1.000000e+00 0.000000e+00 0.000000e+00 0.000000e+00 0.000000e+00 1.000000e+00 6.479985e+00 
1.000000e+00 0.000000e+00 0.000000e+00 3.536642e-07 0.000000e+00 1.000000e+00 0.000000e+00 0.000000e+00 0.000000e+00 0.000000e+00 1.000000e+00 6.599985e+00 
1.000000e+00 0.000000e+00 0.000000e+00 3.685654e-07 0.000000e+00 1.000000e+00 0.000000e+00 0.000000e+00 0.000000e+00 0.000000e+00 1.000000e+00 6.719986e+00 
1.000000e+00 0.000000e+00 0.000000e+00 3.611148e-07 0.000000e+00 1.000000e+00 0.000000e+00 0.000000e+00 0.000000e+00 0.000000e+00 1.000000e+00 6.839985e+00 
1.000000e+00 0.000000e+00 0.000000e+00 4.765988e-07 0.000000e+00 1.000000e+00 0.000000e+00 0.000000e+00 0.000000e+00 0.000000e+00 1.000000e+00 6.959985e+00 
1.000000e+00 0.000000e+00 0.000000e+00 4.616976e-07 0.000000e+00 1.000000e+00 0.000000e+00 0.000000e+00 0.000000e+00 0.000000e+00 1.000000e+00 7.079986e+00 
1.000000e+00 0.000000e+00 0.000000e+00 4.579723e-07 0.000000e+00 1.000000e+00 0.000000e+00 0.000000e+00 0.000000e+00 0.000000e+00 1.000000e+00 7.199986e+00 
1.000000e+00 0.000000e+00 0.000000e+00 4.691482e-07 0.000000e+00 1.000000e+00 0.000000e+00 0.000000e+00 0.000000e+00 0.000000e+00 1.000000e+00 7.319987e+00 
1.000000e+00 0.000000e+00 0.000000e+00 4.952253e-07 0.000000e+00 1.000000e+00 0.000000e+00 0.000000e+00 0.000000e+00 0.000000e+00 1.000000e+00 7.439986e+00 
1.000000e+00 0.000000e+00 0.000000e+00 4.803241e-07 0.000000e+00 1.000000e+00 0.000000e+00 0.000000e+00 0.000000e+00 0.000000e+00 1.000000e+00 7.559987e+00 
1.000000e+00 0.000000e+00 0.000000e+00 4.803241e-07 0.000000e+00 1.000000e+00 0.000000e+00 0.000000e+00 0.000000e+00 0.000000e+00 1.000000e+00 7.679986e+00 
1.000000e+00 0.000000e+00 0.000000e+00 5.064011e-07 0.000000e+00 1.000000e+00 0.000000e+00 0.000000e+00 0.000000e+00 0.000000e+00 1.000000e+00 7.799986e+00 
1.000000e+00 0.000000e+00 0.000000e+00 4.877747e-07 0.000000e+00 1.000000e+00 0.000000e+00 0.000000e+00 0.000000e+00 0.000000e+00 1.000000e+00 7.919987e+00 
1.000000e+00 0.000000e+00 0.000000e+00 5.175770e-07 0.000000e+00 1.000000e+00 0.000000e+00 0.000000e+00 0.000000e+00 0.000000e+00 1.000000e+00 8.039987e+00 
1.000000e+00 0.000000e+00 0.000000e+00 4.989506e-07 0.000000e+00 1.000000e+00 0.000000e+00 0.000000e+00 0.000000e+00 0.000000e+00 1.000000e+00 8.159987e+00 
1.000000e+00 0.000000e+00 0.000000e+00 4.952253e-07 0.000000e+00 1.000000e+00 0.000000e+00 0.000000e+00 0.000000e+00 0.000000e+00 1.000000e+00 8.279987e+00 
1.000000e+00 0.000000e+00 0.000000e+00 4.915000e-07 0.000000e+00 1.000000e+00 0.000000e+00 0.000000e+00 0.000000e+00 0.000000e+00 1.000000e+00 8.399986e+00 
1.000000e+00 0.000000e+00 0.000000e+00 5.920828e-07 0.000000e+00 1.000000e+00 0.000000e+00 0.000000e+00 0.000000e+00 0.000000e+00 1.000000e+00 8.519988e+00 
1.000000e+00 0.000000e+00 0.000000e+00 6.107093e-07 0.000000e+00 1.000000e+00 0.000000e+00 0.000000e+00 0.000000e+00 0.000000e+00 1.000000e+00 8.639989e+00 
1.000000e+00 0.000000e+00 0.000000e+00 6.107093e-07 0.000000e+00 1.000000e+00 0.000000e+00 0.000000e+00 0.000000e+00 0.000000e+00 1.000000e+00 8.759988e+00 
1.000000e+00 0.000000e+00 0.000000e+00 6.256104e-07 0.000000e+00 1.000000e+00 0.000000e+00 0.000000e+00 0.000000e+00 0.000000e+00 1.000000e+00 8.879989e+00 
1.000000e+00 0.000000e+00 0.000000e+00 6.218851e-07 0.000000e+00 1.000000e+00 0.000000e+00 0.000000e+00 0.000000e+00 0.000000e+00 1.000000e+00 8.999989e+00 
1.000000e+00 0.000000e+00 0.000000e+00 6.367863e-07 0.000000e+00 1.000000e+00 0.000000e+00 0.000000e+00 0.000000e+00 0.000000e+00 1.000000e+00 9.119987e+00 
1.000000e+00 0.000000e+00 0.000000e+00 6.367863e-07 0.000000e+00 1.000000e+00 0.000000e+00 0.000000e+00 0.000000e+00 0.000000e+00 1.000000e+00 9.239986e+00 
1.000000e+00 0.000000e+00 0.000000e+00 6.665886e-07 0.000000e+00 1.000000e+00 0.000000e+00 0.000000e+00 0.000000e+00 0.000000e+00 1.000000e+00 9.359986e+00 
1.000000e+00 0.000000e+00 0.000000e+00 6.516875e-07 0.000000e+00 1.000000e+00 0.000000e+00 0.000000e+00 0.000000e+00 0.000000e+00 1.000000e+00 9.479986e+00 
1.000000e+00 0.000000e+00 0.000000e+00 6.367863e-07 0.000000e+00 1.000000e+00 0.000000e+00 0.000000e+00 0.000000e+00 0.000000e+00 1.000000e+00 9.599988e+00 
1.000000e+00 0.000000e+00 0.000000e+00 6.367863e-07 0.000000e+00 1.000000e+00 0.000000e+00 0.000000e+00 0.000000e+00 0.000000e+00 1.000000e+00 9.719988e+00 
1.000000e+00 0.000000e+00 0.000000e+00 6.367863e-07 0.000000e+00 1.000000e+00 0.000000e+00 0.000000e+00 0.000000e+00 0.000000e+00 1.000000e+00 9.839987e+00 
1.000000e+00 0.000000e+00 0.000000e+00 7.708967e-07 0.000000e+00 1.000000e+00 0.000000e+00 0.000000e+00 0.000000e+00 0.000000e+00 1.000000e+00 9.959987e+00 
1.000000e+00 0.000000e+00 0.000000e+00 7.336438e-07 0.000000e+00 1.000000e+00 0.000000e+00 0.000000e+00 0.000000e+00 0.000000e+00 1.000000e+00 1.007999e+01 
1.000000e+00 0.000000e+00 0.000000e+00 7.708967e-07 0.000000e+00 1.000000e+00 0.000000e+00 0.000000e+00 0.000000e+00 0.000000e+00 1.000000e+00 1.019999e+01 
1.000000e+00 0.000000e+00 0.000000e+00 7.783473e-07 0.000000e+00 1.000000e+00 0.000000e+00 0.000000e+00 0.000000e+00 0.000000e+00 1.000000e+00 1.031999e+01 
1.000000e+00 0.000000e+00 0.000000e+00 7.708967e-07 0.000000e+00 1.000000e+00 0.000000e+00 0.000000e+00 0.000000e+00 0.000000e+00 1.000000e+00 1.043999e+01 
1.000000e+00 0.000000e+00 0.000000e+00 7.634462e-07 0.000000e+00 1.000000e+00 0.000000e+00 0.000000e+00 0.000000e+00 0.000000e+00 1.000000e+00 1.055999e+01 
1.000000e+00 0.000000e+00 0.000000e+00 7.857979e-07 0.000000e+00 1.000000e+00 0.000000e+00 0.000000e+00 0.000000e+00 0.000000e+00 1.000000e+00 1.067999e+01 
1.000000e+00 0.000000e+00 0.000000e+00 8.156002e-07 0.000000e+00 1.000000e+00 0.000000e+00 0.000000e+00 0.000000e+00 0.000000e+00 1.000000e+00 1.079999e+01 
1.000000e+00 0.000000e+00 0.000000e+00 8.006991e-07 0.000000e+00 1.000000e+00 0.000000e+00 0.000000e+00 0.000000e+00 0.000000e+00 1.000000e+00 1.091999e+01 
1.000000e+00 0.000000e+00 0.000000e+00 7.634462e-07 0.000000e+00 1.000000e+00 0.000000e+00 0.000000e+00 0.000000e+00 0.000000e+00 1.000000e+00 1.103999e+01 
1.000000e+00 0.000000e+00 0.000000e+00 7.857979e-07 0.000000e+00 1.000000e+00 0.000000e+00 0.000000e+00 0.000000e+00 0.000000e+00 1.000000e+00 1.115999e+01 
1.000000e+00 0.000000e+00 0.000000e+00 8.006991e-07 0.000000e+00 1.000000e+00 0.000000e+00 0.000000e+00 0.000000e+00 0.000000e+00 1.000000e+00 1.127999e+01 
1.000000e+00 0.000000e+00 0.000000e+00 9.124578e-07 0.000000e+00 1.000000e+00 0.000000e+00 0.000000e+00 0.000000e+00 0.000000e+00 1.000000e+00 1.139999e+01 
1.000000e+00 0.000000e+00 0.000000e+00 8.752049e-07 0.000000e+00 1.000000e+00 0.000000e+00 0.000000e+00 0.000000e+00 0.000000e+00 1.000000e+00 1.151999e+01 
1.000000e+00 0.000000e+00 0.000000e+00 9.050072e-07 0.000000e+00 1.000000e+00 0.000000e+00 0.000000e+00 0.000000e+00 0.000000e+00 1.000000e+00 1.163999e+01 
1.000000e+00 0.000000e+00 0.000000e+00 9.273589e-07 0.000000e+00 1.000000e+00 0.000000e+00 0.000000e+00 0.000000e+00 0.000000e+00 1.000000e+00 1.175999e+01 
1.000000e+00 0.000000e+00 0.000000e+00 9.422601e-07 0.000000e+00 1.000000e+00 0.000000e+00 0.000000e+00 0.000000e+00 0.000000e+00 1.000000e+00 1.187999e+01 
1.000000e+00 0.000000e+00 0.000000e+00 9.348095e-07 0.000000e+00 1.000000e+00 0.000000e+00 0.000000e+00 0.000000e+00 0.000000e+00 1.000000e+00 1.199999e+01 
1.000000e+00 0.000000e+00 0.000000e+00 9.273589e-07 0.000000e+00 1.000000e+00 0.000000e+00 0.000000e+00 0.000000e+00 0.000000e+00 1.000000e+00 1.211999e+01 
1.000000e+00 0.000000e+00 0.000000e+00 9.497107e-07 0.000000e+00 1.000000e+00 0.000000e+00 0.000000e+00 0.000000e+00 0.000000e+00 1.000000e+00 1.223999e+01 
1.000000e+00 0.000000e+00 0.000000e+00 9.124578e-07 0.000000e+00 1.000000e+00 0.000000e+00 0.000000e+00 0.000000e+00 0.000000e+00 1.000000e+00 1.235999e+01 
1.000000e+00 0.000000e+00 0.000000e+00 9.348095e-07 0.000000e+00 1.000000e+00 0.000000e+00 0.000000e+00 0.000000e+00 0.000000e+00 1.000000e+00 1.247999e+01 
1.000000e+00 0.000000e+00 0.000000e+00 9.273589e-07 0.000000e+00 1.000000e+00 0.000000e+00 0.000000e+00 0.000000e+00 0.000000e+00 1.000000e+00 1.259999e+01 
1.000000e+00 0.000000e+00 0.000000e+00 9.497107e-07 0.000000e+00 1.000000e+00 0.000000e+00 0.000000e+00 0.000000e+00 0.000000e+00 1.000000e+00 1.271999e+01 
1.000000e+00 0.000000e+00 0.000000e+00 9.348095e-07 0.000000e+00 1.000000e+00 0.000000e+00 0.000000e+00 0.000000e+00 0.000000e+00 1.000000e+00 1.283999e+01 
1.000000e+00 0.000000e+00 0.000000e+00 1.054019e-06 0.000000e+00 1.000000e+00 0.000000e+00 0.000000e+00 0.000000e+00 0.000000e+00 1.000000e+00 1.295999e+01 
1.000000e+00 0.000000e+00 0.000000e+00 1.046568e-06 0.000000e+00 1.000000e+00 0.000000e+00 0.000000e+00 0.000000e+00 0.000000e+00 1.000000e+00 1.307999e+01 
1.000000e+00 0.000000e+00 0.000000e+00 1.061469e-06 0.000000e+00 1.000000e+00 0.000000e+00 0.000000e+00 0.000000e+00 0.000000e+00 1.000000e+00 1.319999e+01 
1.000000e+00 0.000000e+00 0.000000e+00 1.083821e-06 0.000000e+00 1.000000e+00 0.000000e+00 0.000000e+00 0.000000e+00 0.000000e+00 1.000000e+00 1.331999e+01 
1.000000e+00 0.000000e+00 0.000000e+00 1.083821e-06 0.000000e+00 1.000000e+00 0.000000e+00 0.000000e+00 0.000000e+00 0.000000e+00 1.000000e+00 1.343999e+01 
1.000000e+00 0.000000e+00 0.000000e+00 1.076370e-06 0.000000e+00 1.000000e+00 0.000000e+00 0.000000e+00 0.000000e+00 0.000000e+00 1.000000e+00 1.355999e+01 
1.000000e+00 0.000000e+00 0.000000e+00 1.091272e-06 0.000000e+00 1.000000e+00 0.000000e+00 0.000000e+00 0.000000e+00 0.000000e+00 1.000000e+00 1.367999e+01 
1.000000e+00 0.000000e+00 0.000000e+00 1.091272e-06 0.000000e+00 1.000000e+00 0.000000e+00 0.000000e+00 0.000000e+00 0.000000e+00 1.000000e+00 1.379999e+01 
1.000000e+00 0.000000e+00 0.000000e+00 1.076370e-06 0.000000e+00 1.000000e+00 0.000000e+00 0.000000e+00 0.000000e+00 0.000000e+00 1.000000e+00 1.391999e+01 
1.000000e+00 0.000000e+00 0.000000e+00 1.068920e-06 0.000000e+00 1.000000e+00 0.000000e+00 0.000000e+00 0.000000e+00 0.000000e+00 1.000000e+00 1.403999e+01 
1.000000e+00 0.000000e+00 0.000000e+00 1.091272e-06 0.000000e+00 1.000000e+00 0.000000e+00 0.000000e+00 0.000000e+00 0.000000e+00 1.000000e+00 1.415999e+01 
1.000000e+00 0.000000e+00 0.000000e+00 1.083821e-06 0.000000e+00 1.000000e+00 0.000000e+00 0.000000e+00 0.000000e+00 0.000000e+00 1.000000e+00 1.427999e+01 
1.000000e+00 0.000000e+00 0.000000e+00 1.225382e-06 0.000000e+00 1.000000e+00 0.000000e+00 0.000000e+00 0.000000e+00 0.000000e+00 1.000000e+00 1.439999e+01 
1.000000e+00 0.000000e+00 0.000000e+00 1.180679e-06 0.000000e+00 1.000000e+00 0.000000e+00 0.000000e+00 0.000000e+00 0.000000e+00 1.000000e+00 1.451999e+01 
1.000000e+00 0.000000e+00 0.000000e+00 1.203030e-06 0.000000e+00 1.000000e+00 0.000000e+00 0.000000e+00 0.000000e+00 0.000000e+00 1.000000e+00 1.463999e+01 
1.000000e+00 0.000000e+00 0.000000e+00 1.232833e-06 0.000000e+00 1.000000e+00 0.000000e+00 0.000000e+00 0.000000e+00 0.000000e+00 1.000000e+00 1.475999e+01 
1.000000e+00 0.000000e+00 0.000000e+00 1.217932e-06 0.000000e+00 1.000000e+00 0.000000e+00 0.000000e+00 0.000000e+00 0.000000e+00 1.000000e+00 1.487999e+01 
1.000000e+00 0.000000e+00 0.000000e+00 1.210481e-06 0.000000e+00 1.000000e+00 0.000000e+00 0.000000e+00 0.000000e+00 0.000000e+00 1.000000e+00 1.499999e+01 
1.000000e+00 0.000000e+00 0.000000e+00 1.232833e-06 0.000000e+00 1.000000e+00 0.000000e+00 0.000000e+00 0.000000e+00 0.000000e+00 1.000000e+00 1.511999e+01 
1.000000e+00 0.000000e+00 0.000000e+00 1.232833e-06 0.000000e+00 1.000000e+00 0.000000e+00 0.000000e+00 0.000000e+00 0.000000e+00 1.000000e+00 1.523999e+01 
1.000000e+00 0.000000e+00 0.000000e+00 1.217932e-06 0.000000e+00 1.000000e+00 0.000000e+00 0.000000e+00 0.000000e+00 0.000000e+00 1.000000e+00 1.535999e+01 
1.000000e+00 0.000000e+00 0.000000e+00 1.210481e-06 0.000000e+00 1.000000e+00 0.000000e+00 0.000000e+00 0.000000e+00 0.000000e+00 1.000000e+00 1.547999e+01 
1.000000e+00 0.000000e+00 0.000000e+00 1.240283e-06 0.000000e+00 1.000000e+00 0.000000e+00 0.000000e+00 0.000000e+00 0.000000e+00 1.000000e+00 1.559999e+01 
1.000000e+00 0.000000e+00 0.000000e+00 1.255184e-06 0.000000e+00 1.000000e+00 0.000000e+00 0.000000e+00 0.000000e+00 0.000000e+00 1.000000e+00 1.571999e+01 
1.000000e+00 0.000000e+00 0.000000e+00 1.374394e-06 0.000000e+00 1.000000e+00 0.000000e+00 0.000000e+00 0.000000e+00 0.000000e+00 1.000000e+00 1.583999e+01 
1.000000e+00 0.000000e+00 0.000000e+00 1.337141e-06 0.000000e+00 1.000000e+00 0.000000e+00 0.000000e+00 0.000000e+00 0.000000e+00 1.000000e+00 1.595999e+01 
1.000000e+00 0.000000e+00 0.000000e+00 1.352042e-06 0.000000e+00 1.000000e+00 0.000000e+00 0.000000e+00 0.000000e+00 0.000000e+00 1.000000e+00 1.607999e+01 
1.000000e+00 0.000000e+00 0.000000e+00 1.381844e-06 0.000000e+00 1.000000e+00 0.000000e+00 0.000000e+00 0.000000e+00 0.000000e+00 1.000000e+00 1.619999e+01 
1.000000e+00 0.000000e+00 0.000000e+00 1.404196e-06 0.000000e+00 1.000000e+00 0.000000e+00 0.000000e+00 0.000000e+00 0.000000e+00 1.000000e+00 1.631999e+01 
1.000000e+00 0.000000e+00 0.000000e+00 1.366943e-06 0.000000e+00 1.000000e+00 0.000000e+00 0.000000e+00 0.000000e+00 0.000000e+00 1.000000e+00 1.643999e+01 
1.000000e+00 0.000000e+00 0.000000e+00 1.359493e-06 0.000000e+00 1.000000e+00 0.000000e+00 0.000000e+00 0.000000e+00 0.000000e+00 1.000000e+00 1.655999e+01 
1.000000e+00 0.000000e+00 0.000000e+00 1.381844e-06 0.000000e+00 1.000000e+00 0.000000e+00 0.000000e+00 0.000000e+00 0.000000e+00 1.000000e+00 1.667999e+01 
1.000000e+00 0.000000e+00 0.000000e+00 1.374394e-06 0.000000e+00 1.000000e+00 0.000000e+00 0.000000e+00 0.000000e+00 0.000000e+00 1.000000e+00 1.679999e+01 
1.000000e+00 0.000000e+00 0.000000e+00 1.359493e-06 0.000000e+00 1.000000e+00 0.000000e+00 0.000000e+00 0.000000e+00 0.000000e+00 1.000000e+00 1.691998e+01 
1.000000e+00 0.000000e+00 0.000000e+00 1.389295e-06 0.000000e+00 1.000000e+00 0.000000e+00 0.000000e+00 0.000000e+00 0.000000e+00 1.000000e+00 1.703999e+01 
1.000000e+00 0.000000e+00 0.000000e+00 1.411647e-06 0.000000e+00 1.000000e+00 0.000000e+00 0.000000e+00 0.000000e+00 0.000000e+00 1.000000e+00 1.715998e+01 
1.000000e+00 0.000000e+00 0.000000e+00 1.404196e-06 0.000000e+00 1.000000e+00 0.000000e+00 0.000000e+00 0.000000e+00 0.000000e+00 1.000000e+00 1.727999e+01 
1.000000e+00 0.000000e+00 0.000000e+00 1.471251e-06 0.000000e+00 1.000000e+00 0.000000e+00 0.000000e+00 0.000000e+00 0.000000e+00 1.000000e+00 1.739999e+01 
1.000000e+00 0.000000e+00 0.000000e+00 1.493603e-06 0.000000e+00 1.000000e+00 0.000000e+00 0.000000e+00 0.000000e+00 0.000000e+00 1.000000e+00 1.751999e+01 
1.000000e+00 0.000000e+00 0.000000e+00 1.515955e-06 0.000000e+00 1.000000e+00 0.000000e+00 0.000000e+00 0.000000e+00 0.000000e+00 1.000000e+00 1.763999e+01 
1.000000e+00 0.000000e+00 0.000000e+00 1.538306e-06 0.000000e+00 1.000000e+00 0.000000e+00 0.000000e+00 0.000000e+00 0.000000e+00 1.000000e+00 1.775999e+01 
1.000000e+00 0.000000e+00 0.000000e+00 1.501054e-06 0.000000e+00 1.000000e+00 0.000000e+00 0.000000e+00 0.000000e+00 0.000000e+00 1.000000e+00 1.787999e+01 
1.000000e+00 0.000000e+00 0.000000e+00 1.478702e-06 0.000000e+00 1.000000e+00 0.000000e+00 0.000000e+00 0.000000e+00 0.000000e+00 1.000000e+00 1.799999e+01 
1.000000e+00 0.000000e+00 0.000000e+00 1.523405e-06 0.000000e+00 1.000000e+00 0.000000e+00 0.000000e+00 0.000000e+00 0.000000e+00 1.000000e+00 1.811999e+01 
1.000000e+00 0.000000e+00 0.000000e+00 1.538306e-06 0.000000e+00 1.000000e+00 0.000000e+00 0.000000e+00 0.000000e+00 0.000000e+00 1.000000e+00 1.823999e+01 
1.000000e+00 0.000000e+00 0.000000e+00 1.538306e-06 0.000000e+00 1.000000e+00 0.000000e+00 0.000000e+00 0.000000e+00 0.000000e+00 1.000000e+00 1.835999e+01 
1.000000e+00 0.000000e+00 0.000000e+00 1.508504e-06 0.000000e+00 1.000000e+00 0.000000e+00 0.000000e+00 0.000000e+00 0.000000e+00 1.000000e+00 1.847999e+01 
1.000000e+00 0.000000e+00 0.000000e+00 1.523405e-06 0.000000e+00 1.000000e+00 0.000000e+00 0.000000e+00 0.000000e+00 0.000000e+00 1.000000e+00 1.859999e+01 
1.000000e+00 0.000000e+00 0.000000e+00 1.523405e-06 0.000000e+00 1.000000e+00 0.000000e+00 0.000000e+00 0.000000e+00 0.000000e+00 1.000000e+00 1.871999e+01 
1.000000e+00 0.000000e+00 0.000000e+00 1.657516e-06 0.000000e+00 1.000000e+00 0.000000e+00 0.000000e+00 0.000000e+00 0.000000e+00 1.000000e+00 1.883999e+01 
1.000000e+00 0.000000e+00 0.000000e+00 1.627713e-06 0.000000e+00 1.000000e+00 0.000000e+00 0.000000e+00 0.000000e+00 0.000000e+00 1.000000e+00 1.895999e+01 
1.000000e+00 0.000000e+00 0.000000e+00 1.657516e-06 0.000000e+00 1.000000e+00 0.000000e+00 0.000000e+00 0.000000e+00 0.000000e+00 1.000000e+00 1.907999e+01 
1.000000e+00 0.000000e+00 0.000000e+00 1.672417e-06 0.000000e+00 1.000000e+00 0.000000e+00 0.000000e+00 0.000000e+00 0.000000e+00 1.000000e+00 1.919999e+01 
1.000000e+00 0.000000e+00 0.000000e+00 1.657516e-06 0.000000e+00 1.000000e+00 0.000000e+00 0.000000e+00 0.000000e+00 0.000000e+00 1.000000e+00 1.931999e+01 
1.000000e+00 0.000000e+00 0.000000e+00 1.657516e-06 0.000000e+00 1.000000e+00 0.000000e+00 0.000000e+00 0.000000e+00 0.000000e+00 1.000000e+00 1.943999e+01 
1.000000e+00 0.000000e+00 0.000000e+00 1.627713e-06 0.000000e+00 1.000000e+00 0.000000e+00 0.000000e+00 0.000000e+00 0.000000e+00 1.000000e+00 1.955999e+01 
1.000000e+00 0.000000e+00 0.000000e+00 1.672417e-06 0.000000e+00 1.000000e+00 0.000000e+00 0.000000e+00 0.000000e+00 0.000000e+00 1.000000e+00 1.967999e+01 
1.000000e+00 0.000000e+00 0.000000e+00 1.642615e-06 0.000000e+00 1.000000e+00 0.000000e+00 0.000000e+00 0.000000e+00 0.000000e+00 1.000000e+00 1.979999e+01 
1.000000e+00 0.000000e+00 0.000000e+00 1.672417e-06 0.000000e+00 1.000000e+00 0.000000e+00 0.000000e+00 0.000000e+00 0.000000e+00 1.000000e+00 1.991999e+01 
1.000000e+00 0.000000e+00 0.000000e+00 1.672417e-06 0.000000e+00 1.000000e+00 0.000000e+00 0.000000e+00 0.000000e+00 0.000000e+00 1.000000e+00 2.003999e+01 
1.000000e+00 0.000000e+00 0.000000e+00 1.687318e-06 0.000000e+00 1.000000e+00 0.000000e+00 0.000000e+00 0.000000e+00 0.000000e+00 1.000000e+00 2.015999e+01 
1.000000e+00 0.000000e+00 0.000000e+00 1.672417e-06 0.000000e+00 1.000000e+00 0.000000e+00 0.000000e+00 0.000000e+00 0.000000e+00 1.000000e+00 2.027999e+01 
1.000000e+00 0.000000e+00 0.000000e+00 1.791626e-06 0.000000e+00 1.000000e+00 0.000000e+00 0.000000e+00 0.000000e+00 0.000000e+00 1.000000e+00 2.039999e+01 
1.000000e+00 0.000000e+00 0.000000e+00 1.776725e-06 0.000000e+00 1.000000e+00 0.000000e+00 0.000000e+00 0.000000e+00 0.000000e+00 1.000000e+00 2.051999e+01 
1.000000e+00 0.000000e+00 0.000000e+00 1.791626e-06 0.000000e+00 1.000000e+00 0.000000e+00 0.000000e+00 0.000000e+00 0.000000e+00 1.000000e+00 2.063999e+01 
1.000000e+00 0.000000e+00 0.000000e+00 1.821429e-06 0.000000e+00 1.000000e+00 0.000000e+00 0.000000e+00 0.000000e+00 0.000000e+00 1.000000e+00 2.075999e+01 
1.000000e+00 0.000000e+00 0.000000e+00 1.776725e-06 0.000000e+00 1.000000e+00 0.000000e+00 0.000000e+00 0.000000e+00 0.000000e+00 1.000000e+00 2.087999e+01 
1.000000e+00 0.000000e+00 0.000000e+00 1.791626e-06 0.000000e+00 1.000000e+00 0.000000e+00 0.000000e+00 0.000000e+00 0.000000e+00 1.000000e+00 2.099999e+01 
1.000000e+00 0.000000e+00 0.000000e+00 1.791626e-06 0.000000e+00 1.000000e+00 0.000000e+00 0.000000e+00 0.000000e+00 0.000000e+00 1.000000e+00 2.111999e+01 
1.000000e+00 0.000000e+00 0.000000e+00 1.821429e-06 0.000000e+00 1.000000e+00 0.000000e+00 0.000000e+00 0.000000e+00 0.000000e+00 1.000000e+00 2.123999e+01 
1.000000e+00 0.000000e+00 0.000000e+00 1.836330e-06 0.000000e+00 1.000000e+00 0.000000e+00 0.000000e+00 0.000000e+00 0.000000e+00 1.000000e+00 2.135999e+01 
1.000000e+00 0.000000e+00 0.000000e+00 1.806527e-06 0.000000e+00 1.000000e+00 0.000000e+00 0.000000e+00 0.000000e+00 0.000000e+00 1.000000e+00 2.147999e+01 
1.000000e+00 0.000000e+00 0.000000e+00 1.851231e-06 0.000000e+00 1.000000e+00 0.000000e+00 0.000000e+00 0.000000e+00 0.000000e+00 1.000000e+00 2.159999e+01 
1.000000e+00 0.000000e+00 0.000000e+00 1.836330e-06 0.000000e+00 1.000000e+00 0.000000e+00 0.000000e+00 0.000000e+00 0.000000e+00 1.000000e+00 2.171999e+01 
1.000000e+00 0.000000e+00 0.000000e+00 1.940638e-06 0.000000e+00 1.000000e+00 0.000000e+00 0.000000e+00 0.000000e+00 0.000000e+00 1.000000e+00 2.183999e+01 
1.000000e+00 0.000000e+00 0.000000e+00 1.940638e-06 0.000000e+00 1.000000e+00 0.000000e+00 0.000000e+00 0.000000e+00 0.000000e+00 1.000000e+00 2.195999e+01 
1.000000e+00 0.000000e+00 0.000000e+00 1.955539e-06 0.000000e+00 1.000000e+00 0.000000e+00 0.000000e+00 0.000000e+00 0.000000e+00 1.000000e+00 2.207999e+01 
1.000000e+00 0.000000e+00 0.000000e+00 1.925737e-06 0.000000e+00 1.000000e+00 0.000000e+00 0.000000e+00 0.000000e+00 0.000000e+00 1.000000e+00 2.219999e+01 
1.000000e+00 0.000000e+00 0.000000e+00 1.925737e-06 0.000000e+00 1.000000e+00 0.000000e+00 0.000000e+00 0.000000e+00 0.000000e+00 1.000000e+00 2.231999e+01 
1.000000e+00 0.000000e+00 0.000000e+00 1.955539e-06 0.000000e+00 1.000000e+00 0.000000e+00 0.000000e+00 0.000000e+00 0.000000e+00 1.000000e+00 2.243999e+01 
1.000000e+00 0.000000e+00 0.000000e+00 1.970440e-06 0.000000e+00 1.000000e+00 0.000000e+00 0.000000e+00 0.000000e+00 0.000000e+00 1.000000e+00 2.255998e+01 
1.000000e+00 0.000000e+00 0.000000e+00 1.970440e-06 0.000000e+00 1.000000e+00 0.000000e+00 0.000000e+00 0.000000e+00 0.000000e+00 1.000000e+00 2.267999e+01 
1.000000e+00 0.000000e+00 0.000000e+00 1.985341e-06 0.000000e+00 1.000000e+00 0.000000e+00 0.000000e+00 0.000000e+00 0.000000e+00 1.000000e+00 2.279998e+01 
1.000000e+00 0.000000e+00 0.000000e+00 1.985341e-06 0.000000e+00 1.000000e+00 0.000000e+00 0.000000e+00 0.000000e+00 0.000000e+00 1.000000e+00 2.291998e+01 
1.000000e+00 0.000000e+00 0.000000e+00 1.985341e-06 0.000000e+00 1.000000e+00 0.000000e+00 0.000000e+00 0.000000e+00 0.000000e+00 1.000000e+00 2.303998e+01 
1.000000e+00 0.000000e+00 0.000000e+00 2.015144e-06 0.000000e+00 1.000000e+00 0.000000e+00 0.000000e+00 0.000000e+00 0.000000e+00 1.000000e+00 2.315998e+01 
1.000000e+00 0.000000e+00 0.000000e+00 2.119452e-06 0.000000e+00 1.000000e+00 0.000000e+00 0.000000e+00 0.000000e+00 0.000000e+00 1.000000e+00 2.327998e+01 
9.988061e-01 -0.000000e+00 -4.884978e-02 2.193614e-06 0.000000e+00 1.000000e+00 -0.000000e+00 0.000000e+00 4.884978e-02 0.000000e+00 9.988061e-01 2.327999e+01 
9.882284e-01 -0.000000e+00 -1.529859e-01 2.204906e-06 0.000000e+00 1.000000e+00 -0.000000e+00 0.000000e+00 1.529859e-01 0.000000e+00 9.882284e-01 2.327998e+01 
9.659258e-01 -0.000000e+00 -2.588191e-01 2.276152e-06 0.000000e+00 1.000000e+00 -0.000000e+00 0.000000e+00 2.588191e-01 0.000000e+00 9.659258e-01 2.327998e+01 
9.348257e-01 -0.000000e+00 -3.551071e-01 1.817942e-06 0.000000e+00 1.000000e+00 -0.000000e+00 0.000000e+00 3.551071e-01 0.000000e+00 9.348257e-01 2.327999e+01 
9.063077e-01 -0.000000e+00 -4.226184e-01 1.996756e-06 0.000000e+00 1.000000e+00 -0.000000e+00 0.000000e+00 4.226184e-01 0.000000e+00 9.063077e-01 2.327999e+01 
8.796485e-01 -0.000000e+00 -4.756244e-01 1.937151e-06 0.000000e+00 1.000000e+00 -0.000000e+00 0.000000e+00 4.756244e-01 0.000000e+00 8.796485e-01 2.327999e+01 
8.553641e-01 -0.000000e+00 -5.180272e-01 2.384186e-06 0.000000e+00 1.000000e+00 -0.000000e+00 0.000000e+00 5.180272e-01 0.000000e+00 8.553641e-01 2.327998e+01 
8.553641e-01 -0.000000e+00 -5.180272e-01 2.384186e-06 0.000000e+00 1.000000e+00 -0.000000e+00 0.000000e+00 5.180272e-01 0.000000e+00 8.553641e-01 2.327998e+01 
8.553641e-01 -0.000000e+00 -5.180272e-01 2.384186e-06 0.000000e+00 1.000000e+00 -0.000000e+00 0.000000e+00 5.180272e-01 0.000000e+00 8.553641e-01 2.327998e+01 
8.553641e-01 -0.000000e+00 -5.180272e-01 2.384186e-06 0.000000e+00 1.000000e+00 -0.000000e+00 0.000000e+00 5.180272e-01 0.000000e+00 8.553641e-01 2.327998e+01 
8.553641e-01 -0.000000e+00 -5.180272e-01 2.384186e-06 0.000000e+00 1.000000e+00 -0.000000e+00 0.000000e+00 5.180272e-01 0.000000e+00 8.553641e-01 2.327998e+01 
8.553641e-01 -0.000000e+00 -5.180272e-01 2.384186e-06 0.000000e+00 1.000000e+00 -0.000000e+00 0.000000e+00 5.180272e-01 0.000000e+00 8.553641e-01 2.327998e+01 
8.553641e-01 -0.000000e+00 -5.180272e-01 2.384186e-06 0.000000e+00 1.000000e+00 -0.000000e+00 0.000000e+00 5.180272e-01 0.000000e+00 8.553641e-01 2.327998e+01 
8.553641e-01 -0.000000e+00 -5.180272e-01 2.384186e-06 0.000000e+00 1.000000e+00 -0.000000e+00 0.000000e+00 5.180272e-01 0.000000e+00 8.553641e-01 2.327998e+01 
8.553641e-01 -0.000000e+00 -5.180272e-01 2.384186e-06 0.000000e+00 1.000000e+00 -0.000000e+00 0.000000e+00 5.180272e-01 0.000000e+00 8.553641e-01 2.327998e+01 
8.553641e-01 -0.000000e+00 -5.180272e-01 2.384186e-06 0.000000e+00 1.000000e+00 -0.000000e+00 0.000000e+00 5.180272e-01 0.000000e+00 8.553641e-01 2.327998e+01 
8.309844e-01 -0.000000e+00 -5.562958e-01 1.221895e-06 0.000000e+00 1.000000e+00 -0.000000e+00 0.000000e+00 5.562958e-01 0.000000e+00 8.309844e-01 2.327999e+01 
8.110635e-01 -0.000000e+00 -5.849581e-01 1.728535e-06 0.000000e+00 1.000000e+00 -0.000000e+00 0.000000e+00 5.849581e-01 0.000000e+00 8.110635e-01 2.327998e+01 
8.048935e-01 -0.000000e+00 -5.934193e-01 2.503395e-06 0.000000e+00 1.000000e+00 -0.000000e+00 0.000000e+00 5.934193e-01 0.000000e+00 8.048935e-01 2.327998e+01 
7.901548e-01 -0.000000e+00 -6.129073e-01 2.384186e-06 0.000000e+00 1.000000e+00 -0.000000e+00 0.000000e+00 6.129073e-01 0.000000e+00 7.901548e-01 2.327999e+01 
7.501110e-01 -0.000000e+00 -6.613119e-01 1.728535e-06 0.000000e+00 1.000000e+00 -0.000000e+00 0.000000e+00 6.613119e-01 0.000000e+00 7.501110e-01 2.327998e+01 
6.996633e-01 -0.000000e+00 -7.144727e-01 1.847744e-06 0.000000e+00 1.000000e+00 -0.000000e+00 0.000000e+00 7.144727e-01 0.000000e+00 6.996633e-01 2.327998e+01 
6.454575e-01 -0.000000e+00 -7.637962e-01 1.192093e-06 0.000000e+00 1.000000e+00 -0.000000e+00 0.000000e+00 7.637962e-01 0.000000e+00 6.454575e-01 2.327999e+01 
5.934187e-01 -0.000000e+00 -8.048939e-01 3.337860e-06 0.000000e+00 1.000000e+00 -0.000000e+00 0.000000e+00 8.048939e-01 0.000000e+00 5.934187e-01 2.327998e+01 
5.446390e-01 -0.000000e+00 -8.386706e-01 2.980232e-06 0.000000e+00 1.000000e+00 -0.000000e+00 0.000000e+00 8.386706e-01 0.000000e+00 5.446390e-01 2.327998e+01 
5.120426e-01 -0.000000e+00 -8.589600e-01 3.337860e-06 0.000000e+00 1.000000e+00 -0.000000e+00 0.000000e+00 8.589600e-01 0.000000e+00 5.120426e-01 2.327998e+01 
4.725507e-01 -0.000000e+00 -8.813035e-01 3.576279e-06 0.000000e+00 1.000000e+00 -0.000000e+00 0.000000e+00 8.813035e-01 0.000000e+00 4.725507e-01 2.327998e+01 
4.352310e-01 -0.000000e+00 -9.003188e-01 3.099442e-06 0.000000e+00 1.000000e+00 -0.000000e+00 0.000000e+00 9.003188e-01 0.000000e+00 4.352310e-01 2.327998e+01 
3.971476e-01 -0.000000e+00 -9.177548e-01 3.814697e-06 0.000000e+00 1.000000e+00 -0.000000e+00 0.000000e+00 9.177548e-01 0.000000e+00 3.971476e-01 2.327998e+01 
3.518415e-01 -0.000000e+00 -9.360597e-01 4.053116e-06 0.000000e+00 1.000000e+00 -0.000000e+00 0.000000e+00 9.360597e-01 0.000000e+00 3.518415e-01 2.327998e+01 
3.090167e-01 -0.000000e+00 -9.510565e-01 3.337860e-06 0.000000e+00 1.000000e+00 -0.000000e+00 0.000000e+00 9.510565e-01 0.000000e+00 3.090167e-01 2.327998e+01 
2.621890e-01 -0.000000e+00 -9.650166e-01 3.576279e-06 0.000000e+00 1.000000e+00 -0.000000e+00 0.000000e+00 9.650166e-01 0.000000e+00 2.621890e-01 2.327998e+01 
2.181431e-01 -0.000000e+00 -9.759168e-01 3.814697e-06 0.000000e+00 1.000000e+00 -0.000000e+00 0.000000e+00 9.759168e-01 0.000000e+00 2.181431e-01 2.327998e+01 
